trip_id,route_id,service_id,shape_id
0,18178778,Mo-Su,18178778
1,18212710,Mo-Su,18212710
2,18212712,Mo-Su,18212712
3,18212716,Mo-Su,18212716
4,18212734,Mo-Su,18212734
5,18212736,Mo-Su,18212736
6,18212738,Mo-Su,18212738
7,18212742,Mo-Su,18212742
8,18212744,Mo-Su,18212744
9,18212798,Mo-Su,18212798
10,18212802,Mo-Su,18212802
11,18212806,Mo-Su,18212806
12,18212813,Mo-Su,18212813
13,18212821,Mo-Su,18212821
14,18212846,Mo-Su,18212846
15,18265941,Mo-Su,18265941
16,18265943,Mo-Su,18265943
17,18265983,Mo-Su,18265983
18,18266002,Mo-Su,18266002
19,18266011,Mo-Su,18266011
20,18266023,Mo-Su,18266023
21,18266067,Mo-Su,18266067
22,18266070,Mo-Su,18266070
23,18266131,Mo-Su,18266131
24,18266173,Mo-Su,18266173
25,18266201,Mo-Su,18266201
26,18266208,Mo-Su,18266208
27,18266214,Mo-Su,18266214
28,18268019,Mo-Su,18268019
29,18268072,Mo-Su,18268072
30,18268107,Mo-Su,18268107
31,18268117,Mo-Su,18268117
32,18268120,Mo-Su,18268120
33,18268133,Mo-Su,18268133
34,18268136,Mo-Su,18268136
35,18268140,Mo-Su,18268140
36,18268144,Mo-Su,18268144
37,18268152,Mo-Su,18268152
38,18268203,Mo-Su,18268203
39,18268365,Mo-Su,18268365
40,18268510,Mo-Su,18268510
41,18268545,Mo-Su,18268545
42,18268559,Mo-Su,18268559
43,18269212,Mo-Su,18269212
44,18284841,Mo-Su,18284841
45,18289699,Mo-Su,18289699
46,18289706,Mo-Su,18289706
47,18291869,Mo-Su,18291869
48,18291925,Mo-Su,18291925
49,18291941,Mo-Su,18291941
50,18291951,Mo-Su,18291951
51,18291954,Mo-Su,18291954
52,18291959,Mo-Su,18291959
53,18291963,Mo-Su,18291963
54,18291965,Mo-Su,18291965
55,18291971,Mo-Su,18291971
56,18291974,Mo-Su,18291974
57,18291977,Mo-Su,18291977
58,18291998,Mo-Su,18291998
59,18292019,Mo-Su,18292019
60,18292021,Mo-Su,18292021
61,18292060,Mo-Su,18292060
62,18292175,Mo-Su,18292175
63,18292226,Mo-Su,18292226
64,18334498,Mo-Su,18334498
65,18334502,Mo-Su,18334502
66,18334522,Mo-Su,18334522
67,18334536,Mo-Su,18334536
68,18334552,Mo-Su,18334552
69,18494467,Mo-Su,18494467
70,18494515,Mo-Su,18494515
71,18510029,Mo-Su,18510029
72,18510108,Mo-Su,18510108
73,18511109,Mo-Su,18511109
74,18582498,Mo-Su,18582498
75,18702473,Mo-Su,18702473
76,18704711,Mo-Su,18704711
77,18704717,Mo-Su,18704717
78,18704763,Mo-Su,18704763
79,18704775,Mo-Su,18704775
80,18704787,Mo-Su,18704787
81,18704821,Mo-Su,18704821
82,18704854,Mo-Su,18704854
83,18708785,Mo-Su,18708785
84,18708963,Mo-Su,18708963
85,18709005,Mo-Su,18709005
86,18709039,Mo-Su,18709039
87,18709052,Mo-Su,18709052
88,18709057,Mo-Su,18709057
89,18709064,Mo-Su,18709064
90,18709204,Mo-Su,18709204
91,18709212,Mo-Su,18709212
92,18709213,Mo-Su,18709213
93,18709218,Mo-Su,18709218
94,18722171,Mo-Su,18722171
95,18732694,Mo-Su,18732694
96,18732705,Mo-Su,18732705
97,18735441,Mo-Su,18735441
98,18735457,Mo-Su,18735457
99,18735466,Mo-Su,18735466
100,18735497,Mo-Su,18735497
101,18735536,Mo-Su,18735536
102,18735566,Mo-Su,18735566
103,18735575,Mo-Su,18735575
104,18735597,Mo-Su,18735597
105,18736621,Mo-Su,18736621
106,18736638,Mo-Su,18736638
107,18736640,Mo-Su,18736640
108,18736641,Mo-Su,18736641
109,18736642,Mo-Su,18736642
110,18736662,Mo-Su,18736662
111,18736694,Mo-Su,18736694
112,18736695,Mo-Su,18736695
113,18736703,Mo-Su,18736703
114,18736934,Mo-Su,18736934
115,18736999,Mo-Su,18736999
116,18737003,Mo-Su,18737003
117,18737050,Mo-Su,18737050
118,18737087,Mo-Su,18737087
119,18737153,Mo-Su,18737153
120,18739303,Mo-Su,18739303
121,18739338,Mo-Su,18739338
122,18739350,Mo-Su,18739350
123,18739358,Mo-Su,18739358
124,18739365,Mo-Su,18739365
125,18739378,Mo-Su,18739378
126,18739379,Mo-Su,18739379
127,18739380,Mo-Su,18739380
128,18739383,Mo-Su,18739383
129,18739384,Mo-Su,18739384
130,18739385,Mo-Su,18739385
131,18739386,Mo-Su,18739386
132,18739396,Mo-Su,18739396
133,18739397,Mo-Su,18739397
134,18739416,Mo-Su,18739416
135,18739425,Mo-Su,18739425
136,18739431,Mo-Su,18739431
137,18739433,Mo-Su,18739433
138,18739435,Mo-Su,18739435
139,18739441,Mo-Su,18739441
140,18739443,Mo-Su,18739443
141,18739445,Mo-Su,18739445
142,18739446,Mo-Su,18739446
143,18739457,Mo-Su,18739457
144,18739458,Mo-Su,18739458
145,18739465,Mo-Su,18739465
146,18739470,Mo-Su,18739470
147,18739473,Mo-Su,18739473
148,18739474,Mo-Su,18739474
149,18739475,Mo-Su,18739475
150,18739483,Mo-Su,18739483
151,18739502,Mo-Su,18739502
152,18739503,Mo-Su,18739503
153,18739505,Mo-Su,18739505
154,18739516,Mo-Su,18739516
155,18739518,Mo-Su,18739518
156,18739519,Mo-Su,18739519
157,18739527,Mo-Su,18739527
158,18739528,Mo-Su,18739528
159,18739535,Mo-Su,18739535
160,18739537,Mo-Su,18739537
161,18739547,Mo-Su,18739547
162,18739557,Mo-Su,18739557
163,18739561,Mo-Su,18739561
164,18739624,Mo-Su,18739624
165,18739673,Mo-Su,18739673
166,18756034,Mo-Su,18756034
167,18756038,Mo-Su,18756038
168,18756044,Mo-Su,18756044
169,18756184,Mo-Su,18756184
170,18756212,Mo-Su,18756212
171,18756216,Mo-Su,18756216
172,18756218,Mo-Su,18756218
173,18756221,Mo-Su,18756221
174,18765970,Mo-Su,18765970
175,18765971,Mo-Su,18765971
176,18765983,Mo-Su,18765983
177,18765988,Mo-Su,18765988
178,18765996,Mo-Su,18765996
179,18766238,Mo-Su,18766238
180,18766349,Mo-Su,18766349
181,18766356,Mo-Su,18766356
182,18766357,Mo-Su,18766357
183,18766358,Mo-Su,18766358
184,18766365,Mo-Su,18766365
185,18766368,Mo-Su,18766368
186,18766369,Mo-Su,18766369
187,18766373,Mo-Su,18766373
188,18766376,Mo-Su,18766376
189,18766377,Mo-Su,18766377
190,18766381,Mo-Su,18766381
191,18768312,Mo-Su,18768312
192,18768324,Mo-Su,18768324
193,18768395,Mo-Su,18768395
194,18768446,Mo-Su,18768446
195,18768725,Mo-Su,18768725
196,18768791,Mo-Su,18768791
197,18768803,Mo-Su,18768803
198,18768823,Mo-Su,18768823
199,18768889,Mo-Su,18768889
200,18769524,Mo-Su,18769524
201,18769527,Mo-Su,18769527
202,18769548,Mo-Su,18769548
203,18769577,Mo-Su,18769577
204,18769580,Mo-Su,18769580
205,18769581,Mo-Su,18769581
206,18769589,Mo-Su,18769589
207,18769593,Mo-Su,18769593
208,18769626,Mo-Su,18769626
209,18769641,Mo-Su,18769641
210,18769647,Mo-Su,18769647
211,18769649,Mo-Su,18769649
212,18769664,Mo-Su,18769664
213,18769670,Mo-Su,18769670
214,18769675,Mo-Su,18769675
215,18769686,Mo-Su,18769686
216,18769687,Mo-Su,18769687
217,18769689,Mo-Su,18769689
218,18769693,Mo-Su,18769693
219,18769698,Mo-Su,18769698
220,18769705,Mo-Su,18769705
221,18769707,Mo-Su,18769707
222,18769713,Mo-Su,18769713
223,18769725,Mo-Su,18769725
224,18769798,Mo-Su,18769798
225,18769803,Mo-Su,18769803
226,18769840,Mo-Su,18769840
227,18769842,Mo-Su,18769842
228,18769849,Mo-Su,18769849
229,18769861,Mo-Su,18769861
230,18769875,Mo-Su,18769875
231,18769885,Mo-Su,18769885
232,18770036,Mo-Su,18770036
233,18779546,Mo-Su,18779546
234,18781276,Mo-Su,18781276
235,18781288,Mo-Su,18781288
236,18781310,Mo-Su,18781310
237,18782084,Mo-Su,18782084
238,18782085,Mo-Su,18782085
239,18782088,Mo-Su,18782088
240,18782104,Mo-Su,18782104
241,18782127,Mo-Su,18782127
242,18782137,Mo-Su,18782137
243,18782420,Mo-Su,18782420
244,18785813,Mo-Su,18785813
245,18786512,Mo-Su,18786512
246,18786516,Mo-Su,18786516
247,18793997,Mo-Su,18793997
248,18794003,Mo-Su,18794003
249,18794052,Mo-Su,18794052
250,18794130,Mo-Su,18794130
251,18796176,Mo-Su,18796176
252,18796179,Mo-Su,18796179
253,18796182,Mo-Su,18796182
254,18796193,Mo-Su,18796193
255,18796202,Mo-Su,18796202
256,18796207,Mo-Su,18796207
257,18796212,Mo-Su,18796212
258,18796213,Mo-Su,18796213
259,18796214,Mo-Su,18796214
260,18796215,Mo-Su,18796215
261,18796219,Mo-Su,18796219
262,18796220,Mo-Su,18796220
263,18796222,Mo-Su,18796222
264,18796223,Mo-Su,18796223
265,18796224,Mo-Su,18796224
266,18796226,Mo-Su,18796226
267,18796227,Mo-Su,18796227
268,18796228,Mo-Su,18796228
269,18796233,Mo-Su,18796233
270,18796234,Mo-Su,18796234
271,18796241,Mo-Su,18796241
272,18796243,Mo-Su,18796243
273,18796244,Mo-Su,18796244
274,18796245,Mo-Su,18796245
275,18796246,Mo-Su,18796246
276,18796247,Mo-Su,18796247
277,18796248,Mo-Su,18796248
278,18796250,Mo-Su,18796250
279,18796251,Mo-Su,18796251
280,18796252,Mo-Su,18796252
281,18796253,Mo-Su,18796253
282,18796254,Mo-Su,18796254
283,18796264,Mo-Su,18796264
284,18796267,Mo-Su,18796267
285,18796282,Mo-Su,18796282
286,18796283,Mo-Su,18796283
287,18796291,Mo-Su,18796291
288,18796294,Mo-Su,18796294
289,18796301,Mo-Su,18796301
290,18796307,Mo-Su,18796307
291,18796308,Mo-Su,18796308
292,18796312,Mo-Su,18796312
293,18796325,Mo-Su,18796325
294,18796327,Mo-Su,18796327
295,18796329,Mo-Su,18796329
296,18796332,Mo-Su,18796332
297,18796334,Mo-Su,18796334
298,18796342,Mo-Su,18796342
299,18796372,Mo-Su,18796372
300,18796407,Mo-Su,18796407
301,18815999,Mo-Su,18815999
302,18819389,Mo-Su,18819389
303,18819586,Mo-Su,18819586
304,18823412,Mo-Su,18823412
305,18823464,Mo-Su,18823464
306,18823543,Mo-Su,18823543
307,18823559,Mo-Su,18823559
308,18823899,Mo-Su,18823899
309,18825286,Mo-Su,18825286
310,18825302,Mo-Su,18825302
311,18825516,Mo-Su,18825516
312,18827294,Mo-Su,18827294
313,18827306,Mo-Su,18827306
314,18827318,Mo-Su,18827318
315,18827321,Mo-Su,18827321
316,18827377,Mo-Su,18827377
317,18827386,Mo-Su,18827386
318,18827432,Mo-Su,18827432
319,18836846,Mo-Su,18836846
320,18838435,Mo-Su,18838435
321,18839451,Mo-Su,18839451
322,18839598,Mo-Su,18839598
323,18839607,Mo-Su,18839607
324,18839794,Mo-Su,18839794
325,18839833,Mo-Su,18839833
326,18839904,Mo-Su,18839904
327,18839951,Mo-Su,18839951
328,18840028,Mo-Su,18840028
329,18840226,Mo-Su,18840226
330,18840370,Mo-Su,18840370
331,18840408,Mo-Su,18840408
332,18840447,Mo-Su,18840447
333,18840448,Mo-Su,18840448
334,18840449,Mo-Su,18840449
335,18840539,Mo-Su,18840539
336,18840584,Mo-Su,18840584
337,18840585,Mo-Su,18840585
338,18840589,Mo-Su,18840589
339,18840621,Mo-Su,18840621
340,18840622,Mo-Su,18840622
341,18840623,Mo-Su,18840623
342,18840853,Mo-Su,18840853
343,18840864,Mo-Su,18840864
344,18840908,Mo-Su,18840908
345,18840917,Mo-Su,18840917
346,18840953,Mo-Su,18840953
347,18840954,Mo-Su,18840954
348,18841006,Mo-Su,18841006
349,18841007,Mo-Su,18841007
350,18841013,Mo-Su,18841013
351,18841014,Mo-Su,18841014
352,18841019,Mo-Su,18841019
353,18841100,Mo-Su,18841100
354,18841117,Mo-Su,18841117
355,18841218,Mo-Su,18841218
356,18841295,Mo-Su,18841295
357,18841308,Mo-Su,18841308
358,18841309,Mo-Su,18841309
359,18841318,Mo-Su,18841318
360,18841338,Mo-Su,18841338
361,18853746,Mo-Su,18853746
362,18858644,Mo-Su,18858644
363,18864539,Mo-Su,18864539
364,18864603,Mo-Su,18864603
365,18864665,Mo-Su,18864665
366,18864804,Mo-Su,18864804
367,18864836,Mo-Su,18864836
368,18864927,Mo-Su,18864927
369,18869176,Mo-Su,18869176
370,18869177,Mo-Su,18869177
371,18869179,Mo-Su,18869179
372,18869183,Mo-Su,18869183
373,18869206,Mo-Su,18869206
374,18869212,Mo-Su,18869212
375,18869328,Mo-Su,18869328
376,18870107,Mo-Su,18870107
377,18870163,Mo-Su,18870163
378,18870262,Mo-Su,18870262
379,18874306,Mo-Su,18874306
380,18874432,Mo-Su,18874432
381,18874474,Mo-Su,18874474
382,18874864,Mo-Su,18874864
383,18874884,Mo-Su,18874884
384,18875061,Mo-Su,18875061
385,18875182,Mo-Su,18875182
386,18878036,Mo-Su,18878036
387,18878072,Mo-Su,18878072
388,18878108,Mo-Su,18878108
389,18878110,Mo-Su,18878110
390,18878114,Mo-Su,18878114
391,18878117,Mo-Su,18878117
392,18878119,Mo-Su,18878119
393,18878123,Mo-Su,18878123
394,18878126,Mo-Su,18878126
395,18878134,Mo-Su,18878134
396,18878138,Mo-Su,18878138
397,18878146,Mo-Su,18878146
398,18878152,Mo-Su,18878152
399,18878155,Mo-Su,18878155
400,18878159,Mo-Su,18878159
401,18878160,Mo-Su,18878160
402,18878161,Mo-Su,18878161
403,18878164,Mo-Su,18878164
404,18878166,Mo-Su,18878166
405,18878167,Mo-Su,18878167
406,18878169,Mo-Su,18878169
407,18878171,Mo-Su,18878171
408,18878173,Mo-Su,18878173
409,18878176,Mo-Su,18878176
410,18878179,Mo-Su,18878179
411,18878181,Mo-Su,18878181
412,18878183,Mo-Su,18878183
413,18878186,Mo-Su,18878186
414,18878187,Mo-Su,18878187
415,18878191,Mo-Su,18878191
416,18878193,Mo-Su,18878193
417,18878194,Mo-Su,18878194
418,18878202,Mo-Su,18878202
419,18878204,Mo-Su,18878204
420,18878205,Mo-Su,18878205
421,18878211,Mo-Su,18878211
422,18878212,Mo-Su,18878212
423,18878213,Mo-Su,18878213
424,18878216,Mo-Su,18878216
425,18878224,Mo-Su,18878224
426,18878225,Mo-Su,18878225
427,18878234,Mo-Su,18878234
428,18878236,Mo-Su,18878236
429,18878246,Mo-Su,18878246
430,18878247,Mo-Su,18878247
431,18878252,Mo-Su,18878252
432,18878258,Mo-Su,18878258
433,18878268,Mo-Su,18878268
434,18878271,Mo-Su,18878271
435,18878279,Mo-Su,18878279
436,18910283,Mo-Su,18910283
437,18934075,Mo-Su,18934075
438,18937710,Mo-Su,18937710
439,19093687,Mo-Su,19093687
